mean_CER_123: 0.057339054142455846
mean_CER_132: 0.05783930426751838
mean_CER_213: 0.05507535819191647
mean_CER_231: 0.05560074909249497
mean_CER_312: 0.0575954643988661
mean_CER_321: 0.057833019073639386