mean_CER_123: 0.0563013063383061
mean_CER_132: 0.0563013063383061
mean_CER_213: 0.0571338010103402
mean_CER_231: 0.058253660509906074
mean_CER_312: 0.05592020877733049
mean_CER_321: 0.05592020877733049