mean_CER_frak2021: 0.051180400367076745
mean_CER_GT4HistOCR: 0.06015669396703989
mean_CER_Fraktur: 0.060306802822958416