mean_CER_123: 0.04718363836907143
mean_CER_132: 0.0489901728016551
mean_CER_213: 0.04902382332230344
mean_CER_231: 0.047913667719803335
mean_CER_312: 0.0480700803250391
mean_CER_321: 0.0465209100596362