mean_CER_123: 0.05484026876792464
mean_CER_132: 0.054836967889752064
mean_CER_213: 0.05425740317481937
mean_CER_231: 0.0524757976137778
mean_CER_312: 0.050108025581458375
mean_CER_321: 0.0509938770447203