mean_CER_123: 0.0832590274165125
mean_CER_132: 0.08399758691612202
mean_CER_213: 0.07740880974707749
mean_CER_231: 0.0770144914539662
mean_CER_312: 0.08660885380821819
mean_CER_321: 0.08351745829527685