mean_CER_frak2021: 0.07505566388124674
mean_CER_GT4HistOCR: 0.11323529915355286
mean_CER_Fraktur: 0.09544203388391093