mean_CER_123: 0.0502605213676255
mean_CER_132: 0.051478859797674595
mean_CER_213: 0.05279771114820275
mean_CER_231: 0.04900867863075005
mean_CER_312: 0.053587600563684584
mean_CER_321: 0.04637097592969375