mean_CER_frak2021: 0.05658867116583787
mean_CER_GT4HistOCR: 0.07491588720498855
mean_CER_Fraktur: 0.06684870550161812