mean_CER_frak2021: 0.09404651214894641
mean_CER_GT4HistOCR: 0.15866819018599632
mean_CER_Fraktur: 0.10173435685453006