mean_CER_frak2021: 0.0881028842894009
mean_CER_GT4HistOCR: 0.112463146722733
mean_CER_Fraktur: 0.09086867107321916