mean_CER_frak2021: 0.06895117549483638
mean_CER_GT4HistOCR: 0.06544738017985964
mean_CER_Fraktur: 0.06751546722019497