mean_CER_frak2021: 0.06882723412988545
mean_CER_GT4HistOCR: 0.10360346840086711
mean_CER_Fraktur: 0.090971511396724