mean_CER_123: 0.055361939015436665
mean_CER_132: 0.055361939015436665
mean_CER_213: 0.04915072040842247
mean_CER_231: 0.04915072040842247
mean_CER_312: 0.05411349956475002
mean_CER_321: 0.04915072040842247