mean_CER_123: 0.09682323683292798
mean_CER_132: 0.09543848986780684
mean_CER_213: 0.09959909910011454
mean_CER_231: 0.09800278809172841
mean_CER_312: 0.10654577121011252
mean_CER_321: 0.11182794038515251