mean_CER_frak2021: 0.048051466820905116
mean_CER_GT4HistOCR: 0.06800323441785368
mean_CER_Fraktur: 0.056203532324217285