mean_CER_123: 0.06450387206343113
mean_CER_132: 0.05974472050753067
mean_CER_213: 0.07749166538233791
mean_CER_231: 0.07827330335664953
mean_CER_312: 0.07922002639558468
mean_CER_321: 0.07713595889186613