mean_CER_123: 0.05167820352399796
mean_CER_132: 0.05313768960135004
mean_CER_213: 0.05722986666009179
mean_CER_231: 0.057783868672278596
mean_CER_312: 0.06783042018268574
mean_CER_321: 0.05851943321806749