mean_CER_frak2021: 0.05040816835230849
mean_CER_GT4HistOCR: 0.06018769512628293
mean_CER_Fraktur: 0.06316327357250129