mean_CER_123: 0.04168200785468827
mean_CER_132: 0.04168200785468827
mean_CER_213: 0.04168200785468827
mean_CER_231: 0.04340022091310751
mean_CER_312: 0.04328516200294551
mean_CER_321: 0.04242605547373589