mean_CER_frak2021: 0.04488831615120275
mean_CER_GT4HistOCR: 0.04895373097692685
mean_CER_Fraktur: 0.050158014236622486