mean_CER_frak2021: 0.05559582840921551
mean_CER_GT4HistOCR: 0.06524202292912926
mean_CER_Fraktur: 0.07041691541076281