mean_CER_frak2021: 0.0541889663236124
mean_CER_GT4HistOCR: 0.07248345932317961
mean_CER_Fraktur: 0.06223782649226225