evamean_CER_frak2021: 0.1414736842105263
mean_CER_GT4HistOCR: 0.14947368421052631
mean_CER_Fraktur: 0.09010526315789473