mean_CER_frak2021: 0.05388170057595905
mean_CER_GT4HistOCR: 0.06348882457654059
mean_CER_Fraktur: 0.07004479629961557