mean_CER_123: 0.088
mean_CER_132: 0.09094736842105264
mean_CER_213: 0.05263157894736842
mean_CER_231: 0.05852631578947368
mean_CER_312: 0.09936842105263158
mean_CER_321: 0.07663157894736843