mean_CER_123: 0.06652909486450052
mean_CER_132: 0.06635121522072285
mean_CER_213: 0.06185638111185019
mean_CER_231: 0.06066718841934912
mean_CER_312: 0.06677720031124468
mean_CER_321: 0.06680174765816742