mean_CER_frak2021: 0.0950612363500615
mean_CER_GT4HistOCR: 0.15158028308779356
mean_CER_Fraktur: 0.1029822640125392