mean_CER_123: 0.04906639731066366
mean_CER_132: 0.050366860764256866
mean_CER_213: 0.04835617003793638
mean_CER_231: 0.049099754834201106
mean_CER_312: 0.048812976124652505
mean_CER_321: 0.048459482368028994