mean_CER_123: 0.04934030427467379
mean_CER_132: 0.04886913572103963
mean_CER_213: 0.050964587061626605
mean_CER_231: 0.050381166474828105
mean_CER_312: 0.05340557009070048
mean_CER_321: 0.05248463359630152