mean_CER_123: 0.05025711670805283
mean_CER_132: 0.04975881323544108
mean_CER_213: 0.05073872504337837
mean_CER_231: 0.05146531133068824
mean_CER_312: 0.05027381184533903
mean_CER_321: 0.05145696376204514