mean_CER_123: 0.09024704911482781
mean_CER_132: 0.08926520998801349
mean_CER_213: 0.0998075529964414
mean_CER_231: 0.10036673686804753
mean_CER_312: 0.09711128785926865
mean_CER_321: 0.10071354289192348