mean_CER_frak2021: 0.04916620973163199
mean_CER_GT4HistOCR: 0.05290378342208715
mean_CER_Fraktur: 0.051639854648191