mean_CER_frak2021: 0.06111099093999947
mean_CER_GT4HistOCR: 0.09286357844935403
mean_CER_Fraktur: 0.09322657031346934